 e, N(<e)
   1.0471285469730527E-010   0.0000000000000000     
   1.0964781938858966E-010   0.0000000000000000     
   1.1481536179513760E-010   0.0000000000000000     
   1.2022644296672777E-010   0.0000000000000000     
   1.2589254053148827E-010   0.0000000000000000     
   1.3182567304148345E-010   0.0000000000000000     
   1.3803842546567328E-010   0.0000000000000000     
   1.4454397588431850E-010   0.0000000000000000     
   1.5135612344145440E-010   0.0000000000000000     
   1.5848931761472413E-010   0.0000000000000000     
   1.6595868886465673E-010   0.0000000000000000     
   1.7378008072840094E-010   0.0000000000000000     
   1.8197008342599028E-010   0.0000000000000000     
   1.9054606905042237E-010   0.0000000000000000     
   1.9952622841619575E-010   0.0000000000000000     
   2.0892960964446445E-010   0.0000000000000000     
   2.1877615856665515E-010   0.0000000000000000     
   2.2908676103224778E-010   0.0000000000000000     
   2.3988328721046059E-010   0.0000000000000000     
   2.5118863797980908E-010   0.0000000000000000     
   2.6302679350393763E-010   0.0000000000000000     
   2.7542286409675936E-010   0.0000000000000000     
   2.8840314348479620E-010   0.0000000000000000     
   3.0199516457969548E-010   0.0000000000000000     
   3.1622775787922441E-010   0.0000000000000000     
   3.3113111262061856E-010   0.0000000000000000     
   3.4673684081599860E-010   0.0000000000000000     
   3.6307804430568329E-010   0.0000000000000000     
   3.8018938497162782E-010   0.0000000000000000     
   3.9810715825991918E-010   0.0000000000000000     
   4.1686937016828029E-010   0.0000000000000000     
   4.3651581786188298E-010   0.0000000000000000     
   4.5708817408846724E-010   0.0000000000000000     
   4.7863007557182246E-010   0.0000000000000000     
   5.0118721557112479E-010   0.0000000000000000     
   5.2480744080246212E-010   0.0000000000000000     
   5.4954085292812849E-010   0.0000000000000000     
   5.7543991482896321E-010   0.0000000000000000     
   6.0255956188514941E-010   0.0000000000000000     
   6.3095731850151570E-010   0.0000000000000000     
   6.6069342012450583E-010   0.0000000000000000     
   6.9183094100963042E-010   0.0000000000000000     
   7.2443592801041401E-010   0.0000000000000000     
   7.5857754067261983E-010   0.0000000000000000     
   7.9432819793091216E-010   0.0000000000000000     
   8.3176373171911944E-010   0.0000000000000000     
   8.7096354781992554E-010   0.0000000000000000     
   9.1201079429517353E-010   0.0000000000000000     
   9.5499253785404469E-010   0.0000000000000000     
   9.9999994853321381E-010   0.0000000000000000     
   1.0471284930807117E-009   0.0000000000000000     
   1.0964781374536880E-009   0.0000000000000000     
   1.1481535588595993E-009   0.0000000000000000     
   1.2022643677905917E-009   0.0000000000000000     
   1.2589253405220381E-009   0.0000000000000000     
   1.3182566625683972E-009   0.0000000000000000     
   1.3803841836127915E-009   0.0000000000000000     
   1.4454396844510460E-009   0.0000000000000000     
   1.5135611565164117E-009   0.0000000000000000     
   1.5848930945778832E-009   0.0000000000000000     
   1.6595868032329637E-009   0.0000000000000000     
   1.7378007178449869E-009   0.0000000000000000     
   1.8197007406057491E-009   0.0000000000000000     
   1.9054605924362861E-009   0.0000000000000000     
   1.9952621814722200E-009   0.0000000000000000     
   2.0892959889152895E-009   0.0000000000000000     
   2.1877614730694940E-009   0.0000000000000000     
   2.2908674924188847E-009   0.0000000000000000     
   2.3988327486443876E-009   0.0000000000000000     
   2.5118862505193716E-009   0.0000000000000000     
   2.6302677996679391E-009   0.0000000000000000     
   2.7542284992162975E-009   0.0000000000000000     
   2.8840312864161331E-009   0.0000000000000000     
   3.0199514903697492E-009   0.0000000000000000     
   3.1622774160399804E-009   0.0000000000000000     
   3.3113109557836445E-009   0.0000000000000000     
   3.4673682297056779E-009   0.0000000000000000     
   3.6307802561922325E-009   0.0000000000000000     
   3.8018936540450206E-009   0.0000000000000000     
   3.9810713777062316E-009   0.0000000000000000     
   4.1686934871335355E-009   0.0000000000000000     
   4.3651579539581672E-009   0.0000000000000000     
   4.5708815056360790E-009   0.0000000000000000     
   4.7863005093827069E-009   0.0000000000000000     
   5.0118718977662957E-009   0.0000000000000000     
   5.2480741379230974E-009   0.0000000000000000     
   5.4954082464502694E-009   0.0000000000000000     
   5.7543988521292021E-009   0.0000000000000000     
   6.0255953087334537E-009   0.0000000000000000     
   6.3095728602817039E-009   0.0000000000000000     
   6.6069338612073887E-009   0.0000000000000000     
   6.9183090540331536E-009   0.0000000000000000     
   7.2443589072602507E-009   0.0000000000000000     
   7.5857750163107182E-009   0.0000000000000000     
   7.9432815704939274E-009   0.0000000000000000     
   8.3176368891091338E-009   0.0000000000000000     
   8.7096350299423096E-009   0.0000000000000000     
   9.1201074735690907E-009   0.0000000000000000     
   9.5499248870364804E-009   0.0000000000000000     
   9.9999989706643042E-009   0.0000000000000000     
   1.0471284391883735E-008   0.0000000000000000     
   1.0964780810214821E-008   0.0000000000000000     
   1.1481534997678257E-008   0.0000000000000000     
   1.2022643059139086E-008   0.0000000000000000     
   1.2589252757291967E-008   0.0000000000000000     
   1.3182565947219635E-008   0.0000000000000000     
   1.3803841125688540E-008   0.0000000000000000     
   1.4454396100589109E-008   0.0000000000000000     
   1.5135610786182834E-008   0.0000000000000000     
   1.5848930130085294E-008   0.0000000000000000     
   1.6595867178193649E-008   0.0000000000000000     
   1.7378006284059689E-008   0.0000000000000000     
   1.8197006469516003E-008   0.0000000000000000     
   1.9054604943683530E-008   0.0000000000000000     
   1.9952620787824882E-008   0.0000000000000000     
   2.0892958813859395E-008   0.0000000000000000     
   2.1877613604724421E-008   0.0000000000000000     
   2.2908673745152974E-008   0.0000000000000000     
   2.3988326251841756E-008   0.0000000000000000     
   2.5118861212406591E-008   0.0000000000000000     
   2.6302676642965085E-008   0.0000000000000000     
   2.7542283574650081E-008   0.0000000000000000     
   2.8840311379843116E-008   0.0000000000000000     
   3.0199513349425515E-008   0.0000000000000000     
   3.1622772532877253E-008   0.0000000000000000     
   3.3113107853611115E-008   0.0000000000000000     
   3.4673680512513789E-008   0.0000000000000000     
   3.6307800693276416E-008   0.0000000000000000     
   3.8018934583737729E-008   0.0000000000000000     
   3.9810711728132830E-008   0.0000000000000000     
   4.1686932725842795E-008   0.0000000000000000     
   4.3651577292975164E-008   0.0000000000000000     
   4.5708812703874985E-008   0.0000000000000000     
   4.7863002630472024E-008   0.0000000000000000     
   5.0118716398213570E-008   0.0000000000000000     
   5.2480738678215881E-008   0.0000000000000000     
   5.4954079636192681E-008   0.0000000000000000     
   5.7543985559687867E-008   0.0000000000000000     
   6.0255949986154278E-008   0.0000000000000000     
   6.3095725355482674E-008   0.0000000000000000     
   6.6069335211697361E-008   0.0000000000000000     
   6.9183086979700210E-008   0.0000000000000000     
   7.2443585344163794E-008   0.0000000000000000     
   7.5857746258952578E-008   0.0000000000000000     
   7.9432811616787538E-008   0.0000000000000000     
   8.3176364610270946E-008   0.0000000000000000     
   8.7096345816853860E-008   0.0000000000000000     
   9.1201070041864696E-008   0.0000000000000000     
   9.5499243955325390E-008   0.0000000000000000     
   9.9999984559964962E-008   0.0000000000000000     
   1.0471283852960380E-007   0.0000000000000000     
   1.0964780245892792E-007   0.0000000000000000     
   1.1481534406760551E-007   0.0000000000000000     
   1.2022642440372286E-007   0.0000000000000000     
   1.2589252109363588E-007   0.0000000000000000     
   1.3182565268755333E-007   0.0000000000000000     
   1.3803840415249202E-007   0.0000000000000000     
   1.4454395356667797E-007   0.0000000000000000     
   1.5135610007201589E-007   0.0000000000000000     
   1.5848929314391795E-007   0.0000000000000000     
   1.6595866324057700E-007   0.0000000000000000     
   1.7378005389669557E-007   0.0000000000000000     
   1.8197005532974563E-007   0.0000000000000000     
   1.9054603963004254E-007   0.0000000000000000     
   1.9952619760927616E-007   0.0000000000000000     
   2.0892957738565951E-007   0.0000000000000000     
   2.1877612478753963E-007   0.0000000000000000     
   2.2908672566117160E-007   0.0000000000000000     
   2.3988325017239697E-007   0.0000000000000000     
   2.5118859919619534E-007   0.0000000000000000     
   2.6302675289250852E-007   0.0000000000000000     
   2.7542282157137262E-007   0.0000000000000000     
   2.8840309895524980E-007   0.0000000000000000     
   3.0199511795153622E-007   0.0000000000000000     
   3.1622770905354780E-007   0.0000000000000000     
   3.3113106149385876E-007   0.0000000000000000     
   3.4673678727970890E-007   0.0000000000000000     
   3.6307798824630601E-007   0.0000000000000000     
   3.8018932627025355E-007   0.0000000000000000     
   3.9810709679203442E-007   0.0000000000000000     
   4.1686930580350347E-007   0.0000000000000000     
   4.3651575046368773E-007   0.0000000000000000     
   4.5708810351389296E-007   0.0000000000000000     
   4.7863000167117106E-007   0.0000000000000000     
   5.0118713818764310E-007   0.0000000000000000     
   5.2480735977200928E-007   0.0000000000000000     
   5.4954076807882824E-007   0.0000000000000000     
   5.7543982598083871E-007   0.0000000000000000     
   6.0255946884974196E-007   0.0000000000000000     
   6.3095722108148469E-007   0.0000000000000000     
   6.6069331811321018E-007   0.0000000000000000     
   6.9183083419069065E-007   0.0000000000000000     
   7.2443581615725284E-007   0.0000000000000000     
   7.5857742354798169E-007   0.0000000000000000     
   7.9432807528636008E-007   0.0000000000000000     
   8.3176360329450777E-007   0.0000000000000000     
   8.7096341334284861E-007   0.0000000000000000     
   9.1201065348038734E-007   0.0000000000000000     
   9.5499239040286231E-007   0.0000000000000000     
   9.9999979413287136E-007   0.0000000000000000     
   1.0471283314037055E-006   0.0000000000000000     
   1.0964779681570792E-006   0.0000000000000000     
   1.1481533815842876E-006   0.0000000000000000     
   1.2022641821605519E-006   0.0000000000000000     
   1.2589251461435243E-006   0.0000000000000000     
   1.3182564590291065E-006   0.0000000000000000     
   1.3803839704809898E-006   0.0000000000000000     
   1.4454394612746522E-006   0.0000000000000000     
   1.5135609228220386E-006   0.0000000000000000     
   1.5848928498698341E-006   0.0000000000000000     
   1.6595865469921797E-006   0.0000000000000000     
   1.7378004495279471E-006   0.0000000000000000     
   1.8197004596433171E-006   0.0000000000000000     
   1.9054602982325027E-006   0.0000000000000000     
   1.9952618734030401E-006   0.0000000000000000     
   2.0892956663272565E-006   0.0000000000000000     
   2.1877611352783560E-006   0.0000000000000000     
   2.2908671387081411E-006   0.0000000000000000     
   2.3988323782637704E-006   0.0000000000000000     
   2.5118858626832543E-006   0.0000000000000000     
   2.6302673935536688E-006   0.0000000000000000     
   2.7542280739624517E-006   0.0000000000000000     
   2.8840308411206918E-006   0.0000000000000000     
   3.0199510240881809E-006   0.0000000000000000     
   3.1622769277832391E-006   0.0000000000000000     
   3.3113104445160723E-006   0.0000000000000000     
   3.4673676943428082E-006   0.0000000000000000     
   3.6307796955984887E-006   0.0000000000000000     
   3.8018930670313079E-006   0.0000000000000000     
   3.9810707630274157E-006   0.0000000000000000     
   4.1686928434858005E-006   0.0000000000000000     
   4.3651572799762494E-006   0.0000000000000000     
   4.5708807998903731E-006   0.0000000000000000     
   4.7862997703762309E-006   0.0000000000000000     
   5.0118711239315183E-006   0.0000000000000000     
   5.2480733276186120E-006   0.0000000000000000     
   5.4954073979573103E-006   0.0000000000000000     
   5.7543979636480029E-006   0.0000000000000000     
   6.0255943783794260E-006   0.0000000000000000     
   6.3095718860814435E-006   0.0000000000000000     
   6.6069328410944851E-006   0.0000000000000000     
   6.9183079858438108E-006   0.0000000000000000     
   7.2443577887286967E-006   0.0000000000000000     
   7.5857738450643967E-006   0.0000000000000000     
   7.9432803440484686E-006   0.0000000000000000     
   8.3176356048630840E-006   0.0000000000000000     
   8.7096336851716094E-006   0.0000000000000000     
   9.1201060654213002E-006   0.0000000000000000     
   9.5499234125247315E-006   0.0000000000000000     
   9.9999974266609590E-006   0.0000000000000000     
   1.0471282775113756E-005   0.0000000000000000     
   1.0964779117248821E-005   0.0000000000000000     
   1.1481533224925231E-005   0.0000000000000000     
   1.2022641202838783E-005   0.0000000000000000     
   1.2589250813506931E-005   0.0000000000000000     
   1.3182563911826833E-005   0.0000000000000000     
   1.3803838994370632E-005   0.0000000000000000     
   1.4454393868825286E-005   0.0000000000000000     
   1.5135608449239222E-005   0.0000000000000000     
   1.5848927683004926E-005   0.0000000000000000     
   1.6595864615785939E-005   0.0000000000000000     
   1.7378003600889432E-005   0.0000000000000000     
   1.8197003659891826E-005   0.0000000000000000     
   1.9054602001645850E-005   0.0000000000000000     
   1.9952617707133241E-005   0.0000000000000000     
   2.0892955587979232E-005   0.0000000000000000     
   2.1877610226813213E-005   0.0000000000000000     
   2.2908670208045720E-005   0.0000000000000000     
   2.3988322548035774E-005   0.0000000000000000     
   2.5118857334045617E-005   0.0000000000000000     
   2.6302672581822596E-005   0.0000000000000000     
   2.7542279322111845E-005   0.0000000000000000     
   2.8840306926888932E-005   0.0000000000000000     
   3.0199508686610074E-005   0.0000000000000000     
   3.1622767650310089E-005   0.0000000000000000     
   3.3113102740935659E-005   0.0000000000000000     
   3.4673675158885368E-005   0.0000000000000000     
   3.6307795087339266E-005   0.0000000000000000     
   3.8018928713600904E-005   0.0000000000000000     
   3.9810705581344985E-005   0.0000000000000000     
   4.1686926289365774E-005   0.0000000000000000     
   4.3651570553156335E-005   0.0000000000000000     
   4.5708805646418288E-005   0.0000000000000000     
   4.7862995240407648E-005   0.0000000000000000     
   5.0118708659866191E-005   0.0000000000000000     
   5.2480730575171444E-005   0.0000000000000000     
   5.4954071151263534E-005   0.0000000000000000     
   5.7543976674876331E-005   0.0000000000000000     
   6.0255940682614490E-005   0.0000000000000000     
   6.3095715613480560E-005   0.0000000000000000     
   6.6069325010568853E-005   0.0000000000000000     
   6.9183076297807338E-005   0.0000000000000000     
   7.2443574158848840E-005   0.0000000000000000     
   7.5857734546489974E-005   0.0000000000000000     
   7.9432799352333587E-005   0.0000000000000000     
   8.3176351767811106E-005   0.0000000000000000     
   8.7096332369147539E-005   0.0000000000000000     
   9.1201055960387525E-005   0.0000000000000000     
   9.5499229210208649E-005   0.0000000000000000     
   9.9999969119932296E-005   0.0000000000000000     
   1.0471282236190485E-004   0.0000000000000000     
   1.0964778552926880E-004   0.0000000000000000     
   1.1481532634007616E-004   0.0000000000000000     
   1.2022640584072081E-004   0.0000000000000000     
   1.2589250165578650E-004   0.0000000000000000     
   1.3182563233362634E-004   0.0000000000000000     
   1.3803838283931404E-004   0.0000000000000000     
   1.4454393124904087E-004   0.0000000000000000     
   1.5135607670258101E-004   0.0000000000000000     
   1.5848926867311557E-004   0.0000000000000000     
   1.6595863761650125E-004   0.0000000000000000     
   1.7378002706499435E-004   0.0000000000000000     
   1.8197002723350532E-004   0.0000000000000000     
   1.9054601020966725E-004   0.0000000000000000     
   1.9952616680236131E-004   0.0000000000000000     
   2.0892954512685956E-004   0.0000000000000000     
   2.1877609100842929E-004   0.0000000000000000     
   2.2908669029010089E-004   0.0000000000000000     
   2.3988321313433910E-004   0.0000000000000000     
   2.5118856041258760E-004   0.0000000000000000     
   2.6302671228108570E-004   0.0000000000000000     
   2.7542277904599248E-004   0.0000000000000000     
   2.8840305442571026E-004   0.0000000000000000     
   3.0199507132338421E-004   0.0000000000000000     
   3.1622766022787870E-004   0.0000000000000000     
   3.3113101036710683E-004   0.0000000000000000     
   3.4673673374342739E-004   0.0000000000000000     
   3.6307793218693740E-004   0.0000000000000000     
   3.8018926756888834E-004   0.0000000000000000     
   3.9810703532415915E-004   0.0000000000000000     
   4.1686924143873657E-004   1.5871713504846494E-003
   4.3651568306550287E-004   3.9131581435173654E-003
   4.5708803293932962E-004   7.7265665399305940E-003
   4.7862992777053108E-004   1.2616216764962994E-002
   5.0118706080417338E-004   1.8395272101756514E-002
   5.2480727874156907E-004   2.5414937108894243E-002
   5.4954068322954103E-004   3.3450420296295399E-002
   5.7543973713272798E-004   4.2472319448929326E-002
   6.0255937581434873E-004   5.2588449265076345E-002
   6.3095712366146868E-004   6.4367218876633839E-002
   6.6069321610193036E-004   7.7655602158806750E-002
   6.9183072737176747E-004  0.10104873366087987     
   7.2443570430410901E-004  0.13508594522724249     
   7.5857730642336170E-004  0.17393276982037068     
   7.9432795264182691E-004  0.20798822787606139     
   8.3176347486991597E-004  0.23664506879574693     
   8.7096327886579232E-004  0.26102058950681112     
   9.1201051266562284E-004  0.28190935024683689     
   9.5499224295170248E-004  0.30061661802539902     
   9.9999963973255285E-004  0.31729512164559331     
   1.0471281697267240E-003  0.33224456818742337     
   1.0964777988604966E-003  0.34578182105279154     
   1.1481532043090032E-003  0.35818349440327651     
   1.2022639965305409E-003  0.36969450379501489     
   1.2589249517650405E-003  0.38040225169004971     
   1.3182562554898472E-003  0.39047380567359263     
   1.3803837573492211E-003  0.39996439715286908     
   1.4454392380982928E-003  0.40887518453897959     
   1.5135606891277017E-003  0.41727589067150189     
   1.5848926051618226E-003  0.42517770993358217     
   1.6595862907514355E-003  0.43263695402412239     
   1.7378001812109487E-003  0.43973590806394303     
   1.8197001786809284E-003  0.44643774273954356     
   1.9054600040287648E-003  0.45279379982084150     
   1.9952615653339076E-003  0.45884968442723739     
   2.0892953437392733E-003  0.46461205930896393     
   2.1877607974872702E-003  0.47007734377550708     
   2.2908667849974519E-003  0.47527184454008997     
   2.3988320078832106E-003  0.48022305100117924     
   2.5118854748471969E-003  0.48495150689338534     
   2.6302669874394618E-003  0.48947024611632423     
   2.7542276487086720E-003  0.49379444605772566     
   2.8840303958253192E-003  0.49793598402196793     
   3.0199505578066845E-003  0.50189952748948374     
   3.1622764395265734E-003  0.50569849320081073     
   3.3113099332485792E-003  0.50934209281606735     
   3.4673671589800208E-003  0.51284176419762806     
   3.6307791350048313E-003  0.51620705238856746     
   3.8018924800176860E-003  0.51944687543403900     
   3.9810701483486951E-003  0.52256717107506923     
   4.1686921998381641E-003  0.52557428840732379     
   4.3651566059944354E-003  0.52847484932155764     
   4.5708800941447756E-003  0.53127389434237815     
   4.7862990313698693E-003  0.53397611442787074     
   5.0118703500968611E-003  0.53658683460190826     
   5.2480725173142508E-003  0.53911037680718854     
   5.4954065494644821E-003  0.54155064191441982     
   5.7543970751669409E-003  0.54391122923512736     
   6.0255934480255430E-003  0.54619546231447591     
   6.3095709118813331E-003  0.54840670701262073     
   6.6069318209817391E-003  0.55054796337043466     
   6.9183069176546336E-003  0.55262203139042143     
   7.2443566701973156E-003  0.55463149506620502     
   7.5857726738182574E-003  0.55657882216123777     
   7.9432791176032008E-003  0.55846612598503920     
   8.3176343206172315E-003  0.56029631986424688     
   8.7096323404011154E-003  0.56207066069252554     
   9.1201046572737289E-003  0.56379135339962672     
   9.5499219380132099E-003  0.56546025102590303     
   9.9999958826578524E-003  0.56707909296404846     
   1.0471281158344026E-002  0.56864951209009973     
   1.0964777424283083E-002  0.57017310533243659     
   1.1481531452172476E-002  0.57165126660991894     
   1.2022639346538768E-002  0.57308581453303409     
   1.2589248869722193E-002  0.57447777440891434     
   1.3182561876434346E-002  0.57582859797024255     
   1.3803836863053056E-002  0.57713957004590732     
   1.4454391637061807E-002  0.57841181256747076     
   1.5135606112295974E-002  0.57964672725041799     
   1.5848925235924939E-002  0.58084550493862275     
   1.6595862053378627E-002  0.58200890036050501     
   1.7378000917719585E-002  0.58313805192704060     
   1.8197000850268083E-002  0.58423441704245960     
   1.9054599059608626E-002  0.58529846162537214     
   1.9952614626442076E-002  0.58633134365588568     
   2.0892952362099568E-002  0.58733455003238200     
   2.1877606848902529E-002  0.58830708731456438     
   2.2908666670939010E-002  0.58925180708902991     
   2.3988318844230368E-002  0.59017032071541564     
   2.5118853455685243E-002  0.59251259774940135     
   2.6302668520680732E-002  0.59782943657996068     
   2.7542275069574268E-002  0.60622435514500916     
   2.8840302473935438E-002  0.61556176696497866     
   3.0199504023795350E-002  0.62462613422393121     
   3.1622762767743680E-002  0.63342511183231776     
   3.3113097628260993E-002  0.64196614279962383     
   3.4673669805257767E-002  0.65025690042127404     
   3.6307789481402980E-002  0.65830410903522574     
   3.8018922843464989E-002  0.66611550264343178     
   3.9810699434558096E-002  0.67369672031198802     
   4.1686919852889748E-002  0.68105499571230532     
   4.3651563813338547E-002  0.68819628903580854     
   4.5708798588962679E-002  0.69512677155976654     
   4.7862987850344409E-002  0.70185285484420634     
   5.0118700921520015E-002  0.70837954741405362     
   5.2480722472128247E-002  0.71471333774314760     
   5.4954062666335686E-002  0.72085916799598404     
   5.7543967790066167E-002  0.72682271360797635     
   6.0255931379076130E-002  0.73260863609690252     
   6.3095705871479960E-002  0.73822235801098357     
   6.6069314809441920E-002  0.74366871778302068     
   6.9183065615916112E-002  0.74895254466665739     
   7.2443562973535602E-002  0.75407802670015289     
   7.5857722834029168E-002  0.75905016972799777     
   7.9432787087881526E-002  0.76387311069856922     
   8.3176338925353241E-002  0.76855076059939753     
   8.7096318921443303E-002  0.77308776214417629     
   9.1201041878912523E-002  0.77748803431202984     
   9.5499214465094198E-002  0.78175510456733954     
   9.9999953679902026E-002  0.78589311127428252     
  0.10471280619420838       0.78990564711583156     
  0.10964776859961228       0.79379639864578677     
  0.11481530861254953       0.79756863815659973     
  0.12022638727772161       0.80122588870981082     
  0.12589248221794014       0.80477145453293386     
  0.13182561197970252       0.80820853510430968     
  0.13803836152613935       0.81154032973789081     
  0.14454390893140726       0.81476986801204465     
  0.15135605333314972       0.81790015929623205     
  0.15848924420231694       0.82093410882230045     
  0.16595861199242945       0.82387444894988093     
  0.17378000023329729       0.82672422861124584     
  0.18196999913726933       0.82948604265880799     
  0.19054598078929649       0.83216253213594504     
  0.19952613599545124       0.83475630905002174     
  0.20892951286806458       0.83726997735584952     
  0.21877605722932417       0.83970602715063092     
  0.22908665491903563       0.84206679329428380     
  0.23988317609628693       0.84435469070246860     
  0.25118852162898586       0.84657225361415700     
  0.26302667166966914       0.84872183154279202     
  0.27542273652061888       0.85080552169306500     
  0.28840300989617756       0.85282567953647337     
  0.30199502469523937       0.85478455525795272     
  0.31622761140221717       0.85668420594728378     
  0.33113095924036279       0.85852709637041735     
  0.34673668020715420       0.86031523444054969     
  0.36307787612757741       0.86205077479832348     
  0.38018920886753216       0.86373596441847300     
  0.39810697385629340       0.86537267941593299     
  0.41686917707397958       0.86696304162665305     
  0.43651561566732844       0.86850932422051763     
  0.45708796236477717       0.87001350578913417     
  0.47862985386990248       0.87147765323492510     
  0.50118698342071555       0.87290381457833899     
  0.52480719771114126       0.87429403435047759     
  0.54954059838026692       0.87565033475907439     
  0.57543964828463090       0.87697472355778783     
  0.60255928277896997       0.87826918900215889     
  0.63095702624146766       0.87953569406904264     
  0.66069311409066622       0.88077617219134186     
  0.69183062055286071       0.88199252141953166     
  0.72443559245098244       0.88318659209218653     
  0.75857718929875972       0.88436018577124209     
  0.79432782999731266       0.88551504071874731     
  0.83176334644534400       0.88665282215589380     
  0.87096314438875688       0.88777511427093980     
  0.91201037185088007       0.88888340363617813     
  0.95499209550056552       0.88997907116451103     
  0.99999948533225791       0.89106337962490323     
   1.0000000000000000        1.0000000000000000     
