 time[Gyr], N_in(<t), N_out(<t)
   5.0000000000000000        167.89718279033195        77.059033309054428     
   4.8999999985098839        167.89713531569831        77.058975327968227     
   4.7999999970197678        165.97351578156480        77.053084561423447     
   4.6999999955296516        147.54243166524242        76.507343002527051     
   4.5999999940395355        131.44383730933154        75.127967381267439     
   4.4999999925494194        117.04193820957707        73.076565110202878     
   4.3999999910593033        104.04787292429464        70.513314580703295     
   4.2999999895691872        92.583124426600477        67.623898443145904     
   4.1999999880790710        83.068477994809300        64.681848940523565     
   4.0999999865889549        75.051265981669644        61.785299463592906     
   3.9999999850988388        68.202020039229822        58.975038827433522     
   3.8999999836087227        62.277918276745957        56.269066864533350     
   3.7999999821186066        57.101828571391316        53.673894265783808     
   3.6999999806284904        52.536329677804495        51.189520079056265     
   3.5999999791383743        48.465086647005243        48.810522734694956     
   3.4999999776482582        44.802663949769538        46.528917079956869     
   3.3999999761581421        41.495106933487712        44.341421196500136     
   3.2999999746680260        38.487868882226401        42.241922716690411     
   3.1999999731779099        35.737058921367868        40.224105778882048     
   3.0999999716877937        33.213103089938514        38.283296521947044     
   2.9999999701976776        30.888825729528577        36.415190770072314     
   2.8999999687075615        28.738899462804206        34.614792151633665     
   2.7999999672174454        26.741253810415845        32.877457377027895     
   2.6999999657273293        24.877656724664920        31.198518717135478     
   2.5999999642372131        23.132244170462108        29.573639520458521     
   2.4999999627470970        21.497909147637337        28.000516380738965     
   2.3999999612569809        19.964772026661173        26.476552585812449     
   2.2999999597668648        18.525048399205584        24.999510846282131     
   2.1999999582767487        17.170315948477452        23.567030910550173     
   2.0999999567866325        15.890249305668322        22.176053415952932     
   1.9999999552965164        14.678184759409435        20.823963945495088     
   1.8999999538064003        13.534400146487929        19.510146137132459     
   1.7999999523162842        12.451724222510880        18.232712234778553     
   1.6999999508261681        11.425832982198996        16.989735340981113     
   1.5999999493360519        10.454634840333487        15.780334710703169     
   1.4999999478459358        9.5327389643900275        14.602747256653112     
   1.3999999463558197        8.6556072303043390        13.455279691844547     
   1.2999999448657036        7.8205177093359763        12.336432526555047     
   1.1999999433755875        7.0265337860116412        11.245480904295277     
   1.0999999418854713        6.2710442287354837        10.181315708442408     
  0.99999994039535522        5.5535839744483040        9.1433319711344989     
  0.89999993890523911        4.8721344120771528        8.1307232276098222     
  0.79999993741512299        4.2234249308120049        7.1423335075638903     
  0.69999993592500687        3.6050196466416051        6.1771873642161452     
  0.59999993443489075        3.0157296738205637        5.2342894362670238     
  0.49999993294477463        2.4545539988022385        4.3130564683461028     
  0.39999993145465851        1.9187792598998534        3.4124840988458223     
  0.29999992996454239        1.4060519775992668        2.5315202613081489     
  0.19999992847442627       0.91611793102818040        1.6695399397831530     
   9.9999926984310150E-002  0.44792141418711884       0.82593462997163858     
