 e, N(<e)
   1.0471285469730527E-010   0.0000000000000000     
   1.0964781938858966E-010   0.0000000000000000     
   1.1481536179513760E-010   0.0000000000000000     
   1.2022644296672777E-010   0.0000000000000000     
   1.2589254053148827E-010   0.0000000000000000     
   1.3182567304148345E-010   0.0000000000000000     
   1.3803842546567328E-010   0.0000000000000000     
   1.4454397588431850E-010   0.0000000000000000     
   1.5135612344145440E-010   0.0000000000000000     
   1.5848931761472413E-010   0.0000000000000000     
   1.6595868886465673E-010   0.0000000000000000     
   1.7378008072840094E-010   0.0000000000000000     
   1.8197008342599028E-010   0.0000000000000000     
   1.9054606905042237E-010   0.0000000000000000     
   1.9952622841619575E-010   0.0000000000000000     
   2.0892960964446445E-010   0.0000000000000000     
   2.1877615856665515E-010   0.0000000000000000     
   2.2908676103224778E-010   0.0000000000000000     
   2.3988328721046059E-010   0.0000000000000000     
   2.5118863797980908E-010   0.0000000000000000     
   2.6302679350393763E-010   0.0000000000000000     
   2.7542286409675936E-010   0.0000000000000000     
   2.8840314348479620E-010   0.0000000000000000     
   3.0199516457969548E-010   0.0000000000000000     
   3.1622775787922441E-010   0.0000000000000000     
   3.3113111262061856E-010   0.0000000000000000     
   3.4673684081599860E-010   0.0000000000000000     
   3.6307804430568329E-010   0.0000000000000000     
   3.8018938497162782E-010   0.0000000000000000     
   3.9810715825991918E-010   0.0000000000000000     
   4.1686937016828029E-010   0.0000000000000000     
   4.3651581786188298E-010   0.0000000000000000     
   4.5708817408846724E-010   0.0000000000000000     
   4.7863007557182246E-010   0.0000000000000000     
   5.0118721557112479E-010   0.0000000000000000     
   5.2480744080246212E-010   0.0000000000000000     
   5.4954085292812849E-010   0.0000000000000000     
   5.7543991482896321E-010   0.0000000000000000     
   6.0255956188514941E-010   0.0000000000000000     
   6.3095731850151570E-010   0.0000000000000000     
   6.6069342012450583E-010   0.0000000000000000     
   6.9183094100963042E-010   0.0000000000000000     
   7.2443592801041401E-010   0.0000000000000000     
   7.5857754067261983E-010   0.0000000000000000     
   7.9432819793091216E-010   0.0000000000000000     
   8.3176373171911944E-010   0.0000000000000000     
   8.7096354781992554E-010   0.0000000000000000     
   9.1201079429517353E-010   0.0000000000000000     
   9.5499253785404469E-010   0.0000000000000000     
   9.9999994853321381E-010   0.0000000000000000     
   1.0471284930807117E-009   0.0000000000000000     
   1.0964781374536880E-009   0.0000000000000000     
   1.1481535588595993E-009   0.0000000000000000     
   1.2022643677905917E-009   0.0000000000000000     
   1.2589253405220381E-009   0.0000000000000000     
   1.3182566625683972E-009   0.0000000000000000     
   1.3803841836127915E-009   0.0000000000000000     
   1.4454396844510460E-009   0.0000000000000000     
   1.5135611565164117E-009   0.0000000000000000     
   1.5848930945778832E-009   0.0000000000000000     
   1.6595868032329637E-009   0.0000000000000000     
   1.7378007178449869E-009   0.0000000000000000     
   1.8197007406057491E-009   0.0000000000000000     
   1.9054605924362861E-009   0.0000000000000000     
   1.9952621814722200E-009   0.0000000000000000     
   2.0892959889152895E-009   0.0000000000000000     
   2.1877614730694940E-009   0.0000000000000000     
   2.2908674924188847E-009   0.0000000000000000     
   2.3988327486443876E-009   0.0000000000000000     
   2.5118862505193716E-009   0.0000000000000000     
   2.6302677996679391E-009   0.0000000000000000     
   2.7542284992162975E-009   0.0000000000000000     
   2.8840312864161331E-009   0.0000000000000000     
   3.0199514903697492E-009   0.0000000000000000     
   3.1622774160399804E-009   0.0000000000000000     
   3.3113109557836445E-009   0.0000000000000000     
   3.4673682297056779E-009   0.0000000000000000     
   3.6307802561922325E-009   0.0000000000000000     
   3.8018936540450206E-009   0.0000000000000000     
   3.9810713777062316E-009   0.0000000000000000     
   4.1686934871335355E-009   0.0000000000000000     
   4.3651579539581672E-009   0.0000000000000000     
   4.5708815056360790E-009   0.0000000000000000     
   4.7863005093827069E-009   0.0000000000000000     
   5.0118718977662957E-009   0.0000000000000000     
   5.2480741379230974E-009   0.0000000000000000     
   5.4954082464502694E-009   0.0000000000000000     
   5.7543988521292021E-009   0.0000000000000000     
   6.0255953087334537E-009   0.0000000000000000     
   6.3095728602817039E-009   0.0000000000000000     
   6.6069338612073887E-009   0.0000000000000000     
   6.9183090540331536E-009   0.0000000000000000     
   7.2443589072602507E-009   0.0000000000000000     
   7.5857750163107182E-009   0.0000000000000000     
   7.9432815704939274E-009   0.0000000000000000     
   8.3176368891091338E-009   0.0000000000000000     
   8.7096350299423096E-009   0.0000000000000000     
   9.1201074735690907E-009   0.0000000000000000     
   9.5499248870364804E-009   0.0000000000000000     
   9.9999989706643042E-009   0.0000000000000000     
   1.0471284391883735E-008   0.0000000000000000     
   1.0964780810214821E-008   0.0000000000000000     
   1.1481534997678257E-008   0.0000000000000000     
   1.2022643059139086E-008   0.0000000000000000     
   1.2589252757291967E-008   0.0000000000000000     
   1.3182565947219635E-008   0.0000000000000000     
   1.3803841125688540E-008   0.0000000000000000     
   1.4454396100589109E-008   0.0000000000000000     
   1.5135610786182834E-008   0.0000000000000000     
   1.5848930130085294E-008   0.0000000000000000     
   1.6595867178193649E-008   0.0000000000000000     
   1.7378006284059689E-008   0.0000000000000000     
   1.8197006469516003E-008   0.0000000000000000     
   1.9054604943683530E-008   0.0000000000000000     
   1.9952620787824882E-008   0.0000000000000000     
   2.0892958813859395E-008   0.0000000000000000     
   2.1877613604724421E-008   0.0000000000000000     
   2.2908673745152974E-008   0.0000000000000000     
   2.3988326251841756E-008   0.0000000000000000     
   2.5118861212406591E-008   0.0000000000000000     
   2.6302676642965085E-008   0.0000000000000000     
   2.7542283574650081E-008   0.0000000000000000     
   2.8840311379843116E-008   0.0000000000000000     
   3.0199513349425515E-008   0.0000000000000000     
   3.1622772532877253E-008   0.0000000000000000     
   3.3113107853611115E-008   0.0000000000000000     
   3.4673680512513789E-008   0.0000000000000000     
   3.6307800693276416E-008   0.0000000000000000     
   3.8018934583737729E-008   0.0000000000000000     
   3.9810711728132830E-008   0.0000000000000000     
   4.1686932725842795E-008   0.0000000000000000     
   4.3651577292975164E-008   0.0000000000000000     
   4.5708812703874985E-008   0.0000000000000000     
   4.7863002630472024E-008   0.0000000000000000     
   5.0118716398213570E-008   0.0000000000000000     
   5.2480738678215881E-008   0.0000000000000000     
   5.4954079636192681E-008   0.0000000000000000     
   5.7543985559687867E-008   0.0000000000000000     
   6.0255949986154278E-008   0.0000000000000000     
   6.3095725355482674E-008   0.0000000000000000     
   6.6069335211697361E-008   0.0000000000000000     
   6.9183086979700210E-008   0.0000000000000000     
   7.2443585344163794E-008   0.0000000000000000     
   7.5857746258952578E-008   0.0000000000000000     
   7.9432811616787538E-008   0.0000000000000000     
   8.3176364610270946E-008   0.0000000000000000     
   8.7096345816853860E-008   0.0000000000000000     
   9.1201070041864696E-008   0.0000000000000000     
   9.5499243955325390E-008   0.0000000000000000     
   9.9999984559964962E-008   0.0000000000000000     
   1.0471283852960380E-007   0.0000000000000000     
   1.0964780245892792E-007   0.0000000000000000     
   1.1481534406760551E-007   0.0000000000000000     
   1.2022642440372286E-007   0.0000000000000000     
   1.2589252109363588E-007   0.0000000000000000     
   1.3182565268755333E-007   0.0000000000000000     
   1.3803840415249202E-007   0.0000000000000000     
   1.4454395356667797E-007   0.0000000000000000     
   1.5135610007201589E-007   0.0000000000000000     
   1.5848929314391795E-007   0.0000000000000000     
   1.6595866324057700E-007   0.0000000000000000     
   1.7378005389669557E-007   0.0000000000000000     
   1.8197005532974563E-007   0.0000000000000000     
   1.9054603963004254E-007   0.0000000000000000     
   1.9952619760927616E-007   0.0000000000000000     
   2.0892957738565951E-007   0.0000000000000000     
   2.1877612478753963E-007   0.0000000000000000     
   2.2908672566117160E-007   0.0000000000000000     
   2.3988325017239697E-007   0.0000000000000000     
   2.5118859919619534E-007   0.0000000000000000     
   2.6302675289250852E-007   0.0000000000000000     
   2.7542282157137262E-007   0.0000000000000000     
   2.8840309895524980E-007   0.0000000000000000     
   3.0199511795153622E-007   0.0000000000000000     
   3.1622770905354780E-007   0.0000000000000000     
   3.3113106149385876E-007   0.0000000000000000     
   3.4673678727970890E-007   0.0000000000000000     
   3.6307798824630601E-007   0.0000000000000000     
   3.8018932627025355E-007   0.0000000000000000     
   3.9810709679203442E-007   0.0000000000000000     
   4.1686930580350347E-007   0.0000000000000000     
   4.3651575046368773E-007   0.0000000000000000     
   4.5708810351389296E-007   0.0000000000000000     
   4.7863000167117106E-007   0.0000000000000000     
   5.0118713818764310E-007   0.0000000000000000     
   5.2480735977200928E-007   0.0000000000000000     
   5.4954076807882824E-007   0.0000000000000000     
   5.7543982598083871E-007   0.0000000000000000     
   6.0255946884974196E-007   0.0000000000000000     
   6.3095722108148469E-007   0.0000000000000000     
   6.6069331811321018E-007   0.0000000000000000     
   6.9183083419069065E-007   0.0000000000000000     
   7.2443581615725284E-007   0.0000000000000000     
   7.5857742354798169E-007   0.0000000000000000     
   7.9432807528636008E-007   0.0000000000000000     
   8.3176360329450777E-007   0.0000000000000000     
   8.7096341334284861E-007   0.0000000000000000     
   9.1201065348038734E-007   0.0000000000000000     
   9.5499239040286231E-007   0.0000000000000000     
   9.9999979413287136E-007   0.0000000000000000     
   1.0471283314037055E-006   0.0000000000000000     
   1.0964779681570792E-006   0.0000000000000000     
   1.1481533815842876E-006   0.0000000000000000     
   1.2022641821605519E-006   0.0000000000000000     
   1.2589251461435243E-006   0.0000000000000000     
   1.3182564590291065E-006   0.0000000000000000     
   1.3803839704809898E-006   0.0000000000000000     
   1.4454394612746522E-006   0.0000000000000000     
   1.5135609228220386E-006   0.0000000000000000     
   1.5848928498698341E-006   0.0000000000000000     
   1.6595865469921797E-006   0.0000000000000000     
   1.7378004495279471E-006   0.0000000000000000     
   1.8197004596433171E-006   0.0000000000000000     
   1.9054602982325027E-006   0.0000000000000000     
   1.9952618734030401E-006   0.0000000000000000     
   2.0892956663272565E-006   0.0000000000000000     
   2.1877611352783560E-006   0.0000000000000000     
   2.2908671387081411E-006   0.0000000000000000     
   2.3988323782637704E-006   0.0000000000000000     
   2.5118858626832543E-006   0.0000000000000000     
   2.6302673935536688E-006   0.0000000000000000     
   2.7542280739624517E-006   0.0000000000000000     
   2.8840308411206918E-006   0.0000000000000000     
   3.0199510240881809E-006   0.0000000000000000     
   3.1622769277832391E-006   0.0000000000000000     
   3.3113104445160723E-006   0.0000000000000000     
   3.4673676943428082E-006   0.0000000000000000     
   3.6307796955984887E-006   0.0000000000000000     
   3.8018930670313079E-006   0.0000000000000000     
   3.9810707630274157E-006   0.0000000000000000     
   4.1686928434858005E-006   0.0000000000000000     
   4.3651572799762494E-006   0.0000000000000000     
   4.5708807998903731E-006   0.0000000000000000     
   4.7862997703762309E-006   0.0000000000000000     
   5.0118711239315183E-006   0.0000000000000000     
   5.2480733276186120E-006   0.0000000000000000     
   5.4954073979573103E-006   0.0000000000000000     
   5.7543979636480029E-006   0.0000000000000000     
   6.0255943783794260E-006   0.0000000000000000     
   6.3095718860814435E-006   0.0000000000000000     
   6.6069328410944851E-006   0.0000000000000000     
   6.9183079858438108E-006   0.0000000000000000     
   7.2443577887286967E-006   0.0000000000000000     
   7.5857738450643967E-006   0.0000000000000000     
   7.9432803440484686E-006   0.0000000000000000     
   8.3176356048630840E-006   0.0000000000000000     
   8.7096336851716094E-006   0.0000000000000000     
   9.1201060654213002E-006   0.0000000000000000     
   9.5499234125247315E-006   0.0000000000000000     
   9.9999974266609590E-006   0.0000000000000000     
   1.0471282775113756E-005   0.0000000000000000     
   1.0964779117248821E-005   0.0000000000000000     
   1.1481533224925231E-005   0.0000000000000000     
   1.2022641202838783E-005   0.0000000000000000     
   1.2589250813506931E-005   0.0000000000000000     
   1.3182563911826833E-005   0.0000000000000000     
   1.3803838994370632E-005   0.0000000000000000     
   1.4454393868825286E-005   0.0000000000000000     
   1.5135608449239222E-005   0.0000000000000000     
   1.5848927683004926E-005   0.0000000000000000     
   1.6595864615785939E-005   0.0000000000000000     
   1.7378003600889432E-005   0.0000000000000000     
   1.8197003659891826E-005   0.0000000000000000     
   1.9054602001645850E-005   0.0000000000000000     
   1.9952617707133241E-005   0.0000000000000000     
   2.0892955587979232E-005   0.0000000000000000     
   2.1877610226813213E-005   0.0000000000000000     
   2.2908670208045720E-005   0.0000000000000000     
   2.3988322548035774E-005   0.0000000000000000     
   2.5118857334045617E-005   0.0000000000000000     
   2.6302672581822596E-005   0.0000000000000000     
   2.7542279322111845E-005   0.0000000000000000     
   2.8840306926888932E-005   0.0000000000000000     
   3.0199508686610074E-005   0.0000000000000000     
   3.1622767650310089E-005   0.0000000000000000     
   3.3113102740935659E-005   0.0000000000000000     
   3.4673675158885368E-005   0.0000000000000000     
   3.6307795087339266E-005   0.0000000000000000     
   3.8018928713600904E-005   0.0000000000000000     
   3.9810705581344985E-005   0.0000000000000000     
   4.1686926289365774E-005   0.0000000000000000     
   4.3651570553156335E-005   0.0000000000000000     
   4.5708805646418288E-005   0.0000000000000000     
   4.7862995240407648E-005   0.0000000000000000     
   5.0118708659866191E-005   0.0000000000000000     
   5.2480730575171444E-005   0.0000000000000000     
   5.4954071151263534E-005   0.0000000000000000     
   5.7543976674876331E-005   0.0000000000000000     
   6.0255940682614490E-005   0.0000000000000000     
   6.3095715613480560E-005   0.0000000000000000     
   6.6069325010568853E-005   0.0000000000000000     
   6.9183076297807338E-005   0.0000000000000000     
   7.2443574158848840E-005   0.0000000000000000     
   7.5857734546489974E-005   0.0000000000000000     
   7.9432799352333587E-005   0.0000000000000000     
   8.3176351767811106E-005   0.0000000000000000     
   8.7096332369147539E-005   0.0000000000000000     
   9.1201055960387525E-005   0.0000000000000000     
   9.5499229210208649E-005   0.0000000000000000     
   9.9999969119932296E-005   0.0000000000000000     
   1.0471282236190485E-004   0.0000000000000000     
   1.0964778552926880E-004   0.0000000000000000     
   1.1481532634007616E-004   0.0000000000000000     
   1.2022640584072081E-004   0.0000000000000000     
   1.2589250165578650E-004   0.0000000000000000     
   1.3182563233362634E-004   0.0000000000000000     
   1.3803838283931404E-004   0.0000000000000000     
   1.4454393124904087E-004   0.0000000000000000     
   1.5135607670258101E-004   0.0000000000000000     
   1.5848926867311557E-004   0.0000000000000000     
   1.6595863761650125E-004   0.0000000000000000     
   1.7378002706499435E-004   0.0000000000000000     
   1.8197002723350532E-004   0.0000000000000000     
   1.9054601020966725E-004   0.0000000000000000     
   1.9952616680236131E-004   0.0000000000000000     
   2.0892954512685956E-004   0.0000000000000000     
   2.1877609100842929E-004   0.0000000000000000     
   2.2908669029010089E-004   0.0000000000000000     
   2.3988321313433910E-004   0.0000000000000000     
   2.5118856041258760E-004   0.0000000000000000     
   2.6302671228108570E-004   0.0000000000000000     
   2.7542277904599248E-004   0.0000000000000000     
   2.8840305442571026E-004   0.0000000000000000     
   3.0199507132338421E-004   0.0000000000000000     
   3.1622766022787870E-004   0.0000000000000000     
   3.3113101036710683E-004   0.0000000000000000     
   3.4673673374342739E-004   0.0000000000000000     
   3.6307793218693740E-004   0.0000000000000000     
   3.8018926756888834E-004   0.0000000000000000     
   3.9810703532415915E-004   0.0000000000000000     
   4.1686924143873657E-004   0.0000000000000000     
   4.3651568306550287E-004   8.7269326954261589E-004
   4.5708803293932962E-004   5.9952728433725578E-003
   4.7862992777053108E-004   1.7471220823083406E-002
   5.0118706080417338E-004   3.3887240265386732E-002
   5.2480727874156907E-004   5.3066815769770591E-002
   5.4954068322954103E-004   7.3541281603634184E-002
   5.7543973713272798E-004   9.4341131096653791E-002
   6.0255937581434873E-004  0.11484423605513777     
   6.3095712366146868E-004  0.13466801485621810     
   6.6069321610193036E-004  0.15359321288353162     
   6.9183072737176747E-004  0.17151031099850519     
   7.2443570430410901E-004  0.18838210810346606     
   7.5857730642336170E-004  0.20421780517899668     
   7.9432795264182691E-004  0.21905516094710764     
   8.3176347486991597E-004  0.23294846315039275     
   8.7096327886579232E-004  0.24596035928588603     
   9.1201051266562284E-004  0.25815658654101126     
   9.5499224295170248E-004  0.26960255157412266     
   9.9999963973255285E-004  0.28036123223867210     
   1.0471281697267240E-003  0.29049196156855389     
   1.0964777988604966E-003  0.30004981074637005     
   1.1481532043090032E-003  0.30908535245832292     
   1.2022639965305409E-003  0.31764471040396380     
   1.2589249517650405E-003  0.32576946525149808     
   1.3182562554898472E-003  0.33349743851980002     
   1.3803837573492211E-003  0.34086242638774122     
   1.4454392380982928E-003  0.34789479827460573     
   1.5135606891277017E-003  0.35462174000844687     
   1.5848926051618226E-003  0.36106756074467367     
   1.6595862907514355E-003  0.36725395265659988     
   1.7378001812109487E-003  0.37319983120343281     
   1.8197001786809284E-003  0.37892384394365214     
   1.9054600040287648E-003  0.38443999062988471     
   1.9952615653339076E-003  0.38976244731177945     
   2.0892953437392733E-003  0.39490342358451719     
   2.1877607974872702E-003  0.39987385200642628     
   2.2908667849974519E-003  0.40468341741584396     
   2.3988320078832106E-003  0.40934081488354690     
   2.5118854748471969E-003  0.41385381031997465     
   2.6302669874394618E-003  0.41822936899465596     
   2.7542276487086720E-003  0.42247375277910165     
   2.8840303958253192E-003  0.42659260428857448     
   3.0199505578066845E-003  0.43059102475570227     
   3.1622764395265734E-003  0.43447369270237318     
   3.3113099332485792E-003  0.43824482440265145     
   3.4673671589800208E-003  0.44190833094530396     
   3.6307791350048313E-003  0.44546781445209288     
   3.8018924800176860E-003  0.44892662288850893     
   3.9810701483486951E-003  0.45228790109581263     
   4.1686921998381641E-003  0.45555454821007829     
   4.3651566059944354E-003  0.45872938190784579     
   4.5708800941447756E-003  0.46181502713510258     
   4.7862990313698693E-003  0.46481399714930088     
   5.0118703500968611E-003  0.46772871889755802     
   5.2480725173142508E-003  0.47056146561011714     
   5.4954065494644821E-003  0.47331456830572888     
   5.7543970751669409E-003  0.47599010260953406     
   6.0255934480255430E-003  0.47859023333992218     
   6.3095709118813331E-003  0.48111687824327443     
   6.6069318209817391E-003  0.48357212113303316     
   6.9183069176546336E-003  0.48595786439054078     
   7.2443566701973156E-003  0.48827599660844889     
   7.5857726738182574E-003  0.49052832426361453     
   7.9432791176032008E-003  0.49271663191787946     
   8.3176343206172315E-003  0.49484266387582415     
   8.7096323404011154E-003  0.49690812174532190     
   9.1201046572737289E-003  0.49891464925515649     
   9.5499219380132099E-003  0.50086386844013786     
   9.9999958826578524E-003  0.50275734430280072     
   1.0471281158344026E-002  0.50459662707780384     
   1.0964777424283083E-002  0.50638319271982524     
   1.1481531452172476E-002  0.50811852153093773     
   1.2022639346538768E-002  0.50980379157652955     
   1.2589248869722193E-002  0.51144104244649280     
   1.3182561876434346E-002  0.51303103630017244     
   1.3803836863053056E-002  0.51457476343530906     
   1.4454391637061807E-002  0.51607490552439361     
   1.5135606112295974E-002  0.51753139466500375     
   1.5848925235924939E-002  0.51894552306277775     
   1.6595862053378627E-002  0.52031924505850136     
   1.7378000917719585E-002  0.52165269283560312     
   1.8197000850268083E-002  0.52294829152132505     
   1.9054599059608626E-002  0.52420600049696786     
   1.9952614626442076E-002  0.52542725671812029     
   2.0892952362099568E-002  0.52661311615018735     
   2.1877606848902529E-002  0.52776441733165158     
   2.2908666670939010E-002  0.52888245039591264     
   2.3988318844230368E-002  0.52996774572121275     
   2.5118853455685243E-002  0.53102175109647787     
   2.6302668520680732E-002  0.53204483861764162     
   2.7542275069574268E-002  0.53582625753987845     
   2.8840302473935438E-002  0.54674232860557470     
   3.0199504023795350E-002  0.55748614697951071     
   3.1622762767743680E-002  0.56791567362034856     
   3.3113097628260993E-002  0.57803969606767980     
   3.4673669805257767E-002  0.58786709550512617     
   3.6307789481402980E-002  0.59740605846679673     
   3.8018922843464989E-002  0.60666492273345674     
   3.9810699434558096E-002  0.61565154529080524     
   4.1686919852889748E-002  0.62437320054163759     
   4.3651563813338547E-002  0.63283878068406707     
   4.5708798588962679E-002  0.64105313997644719     
   4.7862987850344409E-002  0.64902702849477190     
   5.0118700921520015E-002  0.65676392159418084     
   5.2480722472128247E-002  0.66427181951109660     
   5.4954062666335686E-002  0.67155710945611413     
   5.7543967790066167E-002  0.67862609292698228     
   6.0255931379076130E-002  0.68548490831876563     
   6.3095705871479960E-002  0.69213951662867013     
   6.6069314809441920E-002  0.69859565247101363     
   6.9183065615916112E-002  0.70485912407026152     
   7.2443562973535602E-002  0.71093498403076105     
   7.5857722834029168E-002  0.71682924031387696     
   7.9432787087881526E-002  0.72254598910558976     
   8.3176338925353241E-002  0.72809123065968284     
   8.7096318921443303E-002  0.73346947854349342     
   9.1201041878912523E-002  0.73868549330444899     
   9.5499214465094198E-002  0.74374392979669857     
   9.9999953679902026E-002  0.74864921101488058     
  0.10471280619420838       0.75340576168324636     
  0.10964776859961228       0.75801781479067631     
  0.11481530861254953       0.76248950442289598     
  0.12022638727772161       0.76682493100845550     
  0.12589248221794014       0.77102783996776336     
  0.13182561197970252       0.77510236045986602     
  0.13803836152613935       0.77905198357294692     
  0.14454390893140726       0.78288035488846297     
  0.15135605333314972       0.78659109175968089     
  0.15848924420231694       0.79018763876265885     
  0.16595861199242945       0.79367336016226930     
  0.17378000023329729       0.79705157965151940     
  0.18196999913726933       0.80032548516352386     
  0.19054598078929649       0.80349828718846861     
  0.19952613599545124       0.80657307544716872     
  0.20892951286806458       0.80955280474866198     
  0.21877605722932417       0.81244050376846921     
  0.22908665491903563       0.81523903421782151     
  0.23988317609628693       0.81795126301756660     
  0.25118852162898586       0.82058003916719857     
  0.26302667166966914       0.82312809108689289     
  0.27542273652061888       0.82559816424049282     
  0.28840300989617756       0.82799293180540967     
  0.30199502469523937       0.83031503871523527     
  0.31622761140221717       0.83256710723643046     
  0.33113095924036279       0.83475172342065884     
  0.34673668020715420       0.83687144089847387     
  0.36307787612757741       0.83892881012966425     
  0.38018920886753216       0.84092634193964311     
  0.39810697385629340       0.84286656294174345     
  0.41686917707397958       0.84475194737719927     
  0.43651561566732844       0.84658496734570088     
  0.45708796236477717       0.84836808202891656     
  0.47862985386990248       0.85010374115944543     
  0.50118698342071555       0.85179436884106308     
  0.52480719771114126       0.85344238260381977     
  0.54954059838026692       0.85505018883236183     
  0.57543964828463090       0.85662016599987567     
  0.60255928277896997       0.85815467068864892     
  0.63095702624146766       0.85965602991973789     
  0.66069311409066622       0.86112653757568070     
  0.69183062055286071       0.86256844225067908     
  0.72443559245098244       0.86398393682885644     
  0.75857718929875972       0.86537515723794056     
  0.79432782999731266       0.86674416407665655     
  0.83176334644534400       0.86809293214615779     
  0.87096314438875688       0.86942333737460675     
  0.91201037185088007       0.87073714318387951     
  0.95499209550056552       0.87203598293129658     
  0.99999948533225791       0.87332136022466567     
   1.0000000000000000        1.0000000000000000     
