 time[Gyr], N_in(<t), N_out(<t)
   5.0000000000000000        143.59022334751097        59.472248460063362     
   4.8999999985098839        143.59021802480294        59.472248263254350     
   4.7999999970197678        141.29369691169316        59.464768619597663     
   4.6999999955296516        121.19532683313979        58.860374589857436     
   4.5999999940395355        106.02174195076235        57.534787505150838     
   4.4999999925494194        94.071635373528196        55.811372177131709     
   4.3999999910593033        84.363017509164962        53.889522625941353     
   4.2999999895691872        76.285075863348965        51.883251551598626     
   4.1999999880790710        69.435777980918644        49.857718644128923     
   4.0999999865889549        63.538518099405678        47.850249280383196     
   3.9999999850988388        58.396066622927364        45.882015320659264     
   3.8999999836087227        53.863593499936407        43.964628054229152     
   3.7999999821186066        49.832091262191298        42.103951503950270     
   3.6999999806284904        46.217774819077121        40.302360316343638     
   3.5999999791383743        42.955070833841681        38.560109328162198     
   3.4999999776482582        39.991845184424974        36.876175011138180     
   3.3999999761581421        37.286071499063112        35.248783601350098     
   3.2999999746680260        34.803453983916022        33.675742875793787     
   3.1999999731779099        32.515697936765037        32.154651584158941     
   3.0999999716877937        30.399229542141040        30.683035177344635     
   2.9999999701976776        28.434233450465900        29.258428341840066     
   2.8999999687075615        26.603919083281138        27.878425645803016     
   2.7999999672174454        24.893954193468890        26.540714125871496     
   2.6999999657273293        23.292022477489553        25.243088874748913     
   2.5999999642372131        21.787474426645083        23.983460618365022     
   2.4999999627470970        20.371049077106097        22.759860344351765     
   2.3999999612569809        19.034650285827009        21.570434290630615     
   2.2999999597668648        17.771165350924370        20.413443792199232     
   2.1999999582767487        16.574316840488638        19.287256932210067     
   2.0999999567866325        15.438540678548373        18.190344758842649     
   1.9999999552965164        14.358885169687719        17.121275034605869     
   1.8999999538064003        13.330926842928175        16.078704479667998     
   1.7999999523162842        12.350699899904923        15.061373763593830     
   1.6999999508261681        11.414636743355626        14.068102329130774     
   1.5999999493360519        10.519517580769893        13.097781106518338     
   1.4999999478459358        9.6624275066269885        12.149368460270653     
   1.3999999463558197        8.8407197797055215        11.221884703788513     
   1.2999999448657036        8.0519842571777573        10.314407936606605     
   1.1999999433755875        7.2940201416575707        9.4260693450242403     
   1.0999999418854713        6.5648123504385119        8.5560496212553829     
  0.99999994039535522        5.8625109382703720        7.7035746869923853     
  0.89999993890523911        5.1854131033585640        6.8679131359560088     
  0.79999993741512299        4.5319473844991194        6.0483720833740486     
  0.69999993592500687        3.9006597214133496        5.2442952219585361     
  0.59999993443489075        3.2902011012809851        4.4550593994203114     
  0.49999993294477463        2.6993165568901101        3.6800720866094032     
  0.39999993145465851        2.1268353148013843        2.9187696404351708     
  0.29999992996454239        1.5716619192339003        2.1706139408588236     
  0.19999992847442627        1.0327681804834452        1.4350914678263416     
   9.9999926984310150E-002  0.50918581076893521       0.71171052529107071     
