 e, N(<e)
   1.0471285469730527E-010   0.0000000000000000     
   1.0964781938858966E-010   0.0000000000000000     
   1.1481536179513760E-010   0.0000000000000000     
   1.2022644296672777E-010   0.0000000000000000     
   1.2589254053148827E-010   0.0000000000000000     
   1.3182567304148345E-010   0.0000000000000000     
   1.3803842546567328E-010   0.0000000000000000     
   1.4454397588431850E-010   0.0000000000000000     
   1.5135612344145440E-010   0.0000000000000000     
   1.5848931761472413E-010   0.0000000000000000     
   1.6595868886465673E-010   0.0000000000000000     
   1.7378008072840094E-010   0.0000000000000000     
   1.8197008342599028E-010   0.0000000000000000     
   1.9054606905042237E-010   0.0000000000000000     
   1.9952622841619575E-010   0.0000000000000000     
   2.0892960964446445E-010   0.0000000000000000     
   2.1877615856665515E-010   0.0000000000000000     
   2.2908676103224778E-010   0.0000000000000000     
   2.3988328721046059E-010   0.0000000000000000     
   2.5118863797980908E-010   0.0000000000000000     
   2.6302679350393763E-010   0.0000000000000000     
   2.7542286409675936E-010   0.0000000000000000     
   2.8840314348479620E-010   0.0000000000000000     
   3.0199516457969548E-010   0.0000000000000000     
   3.1622775787922441E-010   0.0000000000000000     
   3.3113111262061856E-010   0.0000000000000000     
   3.4673684081599860E-010   0.0000000000000000     
   3.6307804430568329E-010   0.0000000000000000     
   3.8018938497162782E-010   0.0000000000000000     
   3.9810715825991918E-010   0.0000000000000000     
   4.1686937016828029E-010   0.0000000000000000     
   4.3651581786188298E-010   0.0000000000000000     
   4.5708817408846724E-010   0.0000000000000000     
   4.7863007557182246E-010   0.0000000000000000     
   5.0118721557112479E-010   0.0000000000000000     
   5.2480744080246212E-010   0.0000000000000000     
   5.4954085292812849E-010   0.0000000000000000     
   5.7543991482896321E-010   0.0000000000000000     
   6.0255956188514941E-010   0.0000000000000000     
   6.3095731850151570E-010   0.0000000000000000     
   6.6069342012450583E-010   0.0000000000000000     
   6.9183094100963042E-010   0.0000000000000000     
   7.2443592801041401E-010   0.0000000000000000     
   7.5857754067261983E-010   0.0000000000000000     
   7.9432819793091216E-010   0.0000000000000000     
   8.3176373171911944E-010   0.0000000000000000     
   8.7096354781992554E-010   0.0000000000000000     
   9.1201079429517353E-010   0.0000000000000000     
   9.5499253785404469E-010   0.0000000000000000     
   9.9999994853321381E-010   0.0000000000000000     
   1.0471284930807117E-009   0.0000000000000000     
   1.0964781374536880E-009   0.0000000000000000     
   1.1481535588595993E-009   0.0000000000000000     
   1.2022643677905917E-009   0.0000000000000000     
   1.2589253405220381E-009   0.0000000000000000     
   1.3182566625683972E-009   0.0000000000000000     
   1.3803841836127915E-009   0.0000000000000000     
   1.4454396844510460E-009   0.0000000000000000     
   1.5135611565164117E-009   0.0000000000000000     
   1.5848930945778832E-009   0.0000000000000000     
   1.6595868032329637E-009   0.0000000000000000     
   1.7378007178449869E-009   0.0000000000000000     
   1.8197007406057491E-009   0.0000000000000000     
   1.9054605924362861E-009   0.0000000000000000     
   1.9952621814722200E-009   0.0000000000000000     
   2.0892959889152895E-009   0.0000000000000000     
   2.1877614730694940E-009   0.0000000000000000     
   2.2908674924188847E-009   0.0000000000000000     
   2.3988327486443876E-009   0.0000000000000000     
   2.5118862505193716E-009   0.0000000000000000     
   2.6302677996679391E-009   0.0000000000000000     
   2.7542284992162975E-009   0.0000000000000000     
   2.8840312864161331E-009   0.0000000000000000     
   3.0199514903697492E-009   0.0000000000000000     
   3.1622774160399804E-009   0.0000000000000000     
   3.3113109557836445E-009   0.0000000000000000     
   3.4673682297056779E-009   0.0000000000000000     
   3.6307802561922325E-009   0.0000000000000000     
   3.8018936540450206E-009   0.0000000000000000     
   3.9810713777062316E-009   0.0000000000000000     
   4.1686934871335355E-009   0.0000000000000000     
   4.3651579539581672E-009   0.0000000000000000     
   4.5708815056360790E-009   0.0000000000000000     
   4.7863005093827069E-009   0.0000000000000000     
   5.0118718977662957E-009   0.0000000000000000     
   5.2480741379230974E-009   0.0000000000000000     
   5.4954082464502694E-009   0.0000000000000000     
   5.7543988521292021E-009   0.0000000000000000     
   6.0255953087334537E-009   0.0000000000000000     
   6.3095728602817039E-009   0.0000000000000000     
   6.6069338612073887E-009   0.0000000000000000     
   6.9183090540331536E-009   0.0000000000000000     
   7.2443589072602507E-009   0.0000000000000000     
   7.5857750163107182E-009   0.0000000000000000     
   7.9432815704939274E-009   0.0000000000000000     
   8.3176368891091338E-009   0.0000000000000000     
   8.7096350299423096E-009   0.0000000000000000     
   9.1201074735690907E-009   0.0000000000000000     
   9.5499248870364804E-009   0.0000000000000000     
   9.9999989706643042E-009   0.0000000000000000     
   1.0471284391883735E-008   0.0000000000000000     
   1.0964780810214821E-008   0.0000000000000000     
   1.1481534997678257E-008   0.0000000000000000     
   1.2022643059139086E-008   0.0000000000000000     
   1.2589252757291967E-008   0.0000000000000000     
   1.3182565947219635E-008   0.0000000000000000     
   1.3803841125688540E-008   0.0000000000000000     
   1.4454396100589109E-008   0.0000000000000000     
   1.5135610786182834E-008   0.0000000000000000     
   1.5848930130085294E-008   0.0000000000000000     
   1.6595867178193649E-008   0.0000000000000000     
   1.7378006284059689E-008   0.0000000000000000     
   1.8197006469516003E-008   0.0000000000000000     
   1.9054604943683530E-008   0.0000000000000000     
   1.9952620787824882E-008   0.0000000000000000     
   2.0892958813859395E-008   0.0000000000000000     
   2.1877613604724421E-008   0.0000000000000000     
   2.2908673745152974E-008   0.0000000000000000     
   2.3988326251841756E-008   0.0000000000000000     
   2.5118861212406591E-008   0.0000000000000000     
   2.6302676642965085E-008   0.0000000000000000     
   2.7542283574650081E-008   0.0000000000000000     
   2.8840311379843116E-008   0.0000000000000000     
   3.0199513349425515E-008   0.0000000000000000     
   3.1622772532877253E-008   0.0000000000000000     
   3.3113107853611115E-008   0.0000000000000000     
   3.4673680512513789E-008   0.0000000000000000     
   3.6307800693276416E-008   0.0000000000000000     
   3.8018934583737729E-008   0.0000000000000000     
   3.9810711728132830E-008   0.0000000000000000     
   4.1686932725842795E-008   0.0000000000000000     
   4.3651577292975164E-008   0.0000000000000000     
   4.5708812703874985E-008   0.0000000000000000     
   4.7863002630472024E-008   0.0000000000000000     
   5.0118716398213570E-008   0.0000000000000000     
   5.2480738678215881E-008   0.0000000000000000     
   5.4954079636192681E-008   0.0000000000000000     
   5.7543985559687867E-008   0.0000000000000000     
   6.0255949986154278E-008   0.0000000000000000     
   6.3095725355482674E-008   0.0000000000000000     
   6.6069335211697361E-008   0.0000000000000000     
   6.9183086979700210E-008   0.0000000000000000     
   7.2443585344163794E-008   0.0000000000000000     
   7.5857746258952578E-008   0.0000000000000000     
   7.9432811616787538E-008   0.0000000000000000     
   8.3176364610270946E-008   0.0000000000000000     
   8.7096345816853860E-008   0.0000000000000000     
   9.1201070041864696E-008   0.0000000000000000     
   9.5499243955325390E-008   0.0000000000000000     
   9.9999984559964962E-008   0.0000000000000000     
   1.0471283852960380E-007   0.0000000000000000     
   1.0964780245892792E-007   0.0000000000000000     
   1.1481534406760551E-007   0.0000000000000000     
   1.2022642440372286E-007   0.0000000000000000     
   1.2589252109363588E-007   0.0000000000000000     
   1.3182565268755333E-007   0.0000000000000000     
   1.3803840415249202E-007   0.0000000000000000     
   1.4454395356667797E-007   0.0000000000000000     
   1.5135610007201589E-007   0.0000000000000000     
   1.5848929314391795E-007   0.0000000000000000     
   1.6595866324057700E-007   0.0000000000000000     
   1.7378005389669557E-007   0.0000000000000000     
   1.8197005532974563E-007   0.0000000000000000     
   1.9054603963004254E-007   0.0000000000000000     
   1.9952619760927616E-007   0.0000000000000000     
   2.0892957738565951E-007   0.0000000000000000     
   2.1877612478753963E-007   0.0000000000000000     
   2.2908672566117160E-007   0.0000000000000000     
   2.3988325017239697E-007   0.0000000000000000     
   2.5118859919619534E-007   0.0000000000000000     
   2.6302675289250852E-007   0.0000000000000000     
   2.7542282157137262E-007   0.0000000000000000     
   2.8840309895524980E-007   0.0000000000000000     
   3.0199511795153622E-007   0.0000000000000000     
   3.1622770905354780E-007   0.0000000000000000     
   3.3113106149385876E-007   0.0000000000000000     
   3.4673678727970890E-007   0.0000000000000000     
   3.6307798824630601E-007   0.0000000000000000     
   3.8018932627025355E-007   0.0000000000000000     
   3.9810709679203442E-007   0.0000000000000000     
   4.1686930580350347E-007   0.0000000000000000     
   4.3651575046368773E-007   0.0000000000000000     
   4.5708810351389296E-007   0.0000000000000000     
   4.7863000167117106E-007   0.0000000000000000     
   5.0118713818764310E-007   0.0000000000000000     
   5.2480735977200928E-007   0.0000000000000000     
   5.4954076807882824E-007   0.0000000000000000     
   5.7543982598083871E-007   0.0000000000000000     
   6.0255946884974196E-007   0.0000000000000000     
   6.3095722108148469E-007   0.0000000000000000     
   6.6069331811321018E-007   0.0000000000000000     
   6.9183083419069065E-007   0.0000000000000000     
   7.2443581615725284E-007   0.0000000000000000     
   7.5857742354798169E-007   0.0000000000000000     
   7.9432807528636008E-007   0.0000000000000000     
   8.3176360329450777E-007   0.0000000000000000     
   8.7096341334284861E-007   0.0000000000000000     
   9.1201065348038734E-007   0.0000000000000000     
   9.5499239040286231E-007   0.0000000000000000     
   9.9999979413287136E-007   0.0000000000000000     
   1.0471283314037055E-006   0.0000000000000000     
   1.0964779681570792E-006   0.0000000000000000     
   1.1481533815842876E-006   0.0000000000000000     
   1.2022641821605519E-006   0.0000000000000000     
   1.2589251461435243E-006   0.0000000000000000     
   1.3182564590291065E-006   0.0000000000000000     
   1.3803839704809898E-006   0.0000000000000000     
   1.4454394612746522E-006   0.0000000000000000     
   1.5135609228220386E-006   0.0000000000000000     
   1.5848928498698341E-006   0.0000000000000000     
   1.6595865469921797E-006   0.0000000000000000     
   1.7378004495279471E-006   0.0000000000000000     
   1.8197004596433171E-006   0.0000000000000000     
   1.9054602982325027E-006   0.0000000000000000     
   1.9952618734030401E-006   0.0000000000000000     
   2.0892956663272565E-006   0.0000000000000000     
   2.1877611352783560E-006   0.0000000000000000     
   2.2908671387081411E-006   0.0000000000000000     
   2.3988323782637704E-006   0.0000000000000000     
   2.5118858626832543E-006   0.0000000000000000     
   2.6302673935536688E-006   0.0000000000000000     
   2.7542280739624517E-006   0.0000000000000000     
   2.8840308411206918E-006   0.0000000000000000     
   3.0199510240881809E-006   0.0000000000000000     
   3.1622769277832391E-006   0.0000000000000000     
   3.3113104445160723E-006   1.8242437002844677E-005
   3.4673676943428082E-006   3.1792448739865060E-004
   3.6307796955984887E-006   1.2397249202311961E-003
   3.8018930670313079E-006   3.0106629429036830E-003
   3.9810707630274157E-006   5.7702266946720211E-003
   4.1686928434858005E-006   9.5923825493063331E-003
   4.3651572799762494E-006   1.4502625855522065E-002
   4.5708807998903731E-006   2.0491149991201642E-002
   4.7862997703762309E-006   2.7522972926570667E-002
   5.0118711239315183E-006   3.5545708524935188E-002
   5.2480733276186120E-006   4.4448487922342184E-002
   5.4954073979573103E-006   5.3968212292467760E-002
   5.7543979636480029E-006   6.3874110208625878E-002
   6.0255943783794260E-006   7.3991742340625402E-002
   6.3095718860814435E-006   8.4190108782259701E-002
   6.6069328410944851E-006   9.4371965608657071E-002
   6.9183079858438108E-006  0.10446614153698740     
   7.2443577887286967E-006  0.11442147204605230     
   7.5857738450643967E-006  0.12420218277844827     
   7.9432803440484686E-006  0.13378417765487366     
   8.3176356048630840E-006  0.14315227153407117     
   8.7096336851716094E-006  0.15229792916593160     
   9.1201060654213002E-006  0.16121755280092012     
   9.5499234125247315E-006  0.16991117966989625     
   9.9999974266609590E-006  0.17838142441669591     
   1.0471282775113756E-005  0.18663271448940125     
   1.0964779117248821E-005  0.19467066341155959     
   1.1481533224925231E-005  0.20250146705217267     
   1.2022641202838783E-005  0.21013235087277030     
   1.2589250813506931E-005  0.21756960141487849     
   1.3182563911826833E-005  0.22482048099070928     
   1.3803838994370632E-005  0.23189130673563543     
   1.4454393868825286E-005  0.23878849644126551     
   1.5135608449239222E-005  0.24551801460175218     
   1.5848927683004926E-005  0.25208543554165758     
   1.6595864615785939E-005  0.25849589865562267     
   1.7378003600889432E-005  0.26475430949318340     
   1.8197003659891826E-005  0.27086495051342480     
   1.9054602001645850E-005  0.27683178334651626     
   1.9952617707133241E-005  0.28265857614727469     
   2.0892955587979232E-005  0.28834865451640934     
   2.1877610226813213E-005  0.29390509247399343     
   2.2908670208045720E-005  0.29933072273117906     
   2.3988322548035774E-005  0.30462815638984897     
   2.5118857334045617E-005  0.30979983788901905     
   2.6302672581822596E-005  0.31484813565798775     
   2.7542279322111845E-005  0.31977496253083482     
   2.8840306926888932E-005  0.32458261315506937     
   3.0199508686610074E-005  0.32927304399219859     
   3.1622767650310089E-005  0.33384817609472928     
   3.3113102740935659E-005  0.33830994178463647     
   3.4673675158885368E-005  0.34266022389820305     
   3.6307795087339266E-005  0.34690084535011445     
   3.8018928713600904E-005  0.35103388369670557     
   3.9810705581344985E-005  0.35506105436137131     
   4.1686926289365774E-005  0.35898430629550049     
   4.3651570553156335E-005  0.36280557663731378     
   4.5708805646418288E-005  0.36652679940892025     
   4.7862995240407648E-005  0.37014993312828892     
   5.0118708659866191E-005  0.37367692377037559     
   5.2480730575171444E-005  0.37710975720767076     
   5.4954071151263534E-005  0.38045044214485541     
   5.7543976674876331E-005  0.38370094178214653     
   6.0255940682614490E-005  0.38686326049326952     
   6.3095715613480560E-005  0.38993939527245808     
   6.6069325010568853E-005  0.39293130265369841     
   6.9183076297807338E-005  0.39584337324524538     
   7.2443574158848840E-005  0.39867041558887584     
   7.5857734546489974E-005  0.40142152823868249     
   7.9432799352333587E-005  0.40409623756249691     
   8.3176351767811106E-005  0.40669647413688659     
   8.7096332369147539E-005  0.40922404624262942     
   9.1201055960387525E-005  0.41168100399127311     
   9.5499229210208649E-005  0.41406898711004680     
   9.9999969119932296E-005  0.41638985092145214     
   1.0471282236190485E-004  0.41864536501544225     
   1.0964778552926880E-004  0.42083726999367671     
   1.1481532634007616E-004  0.42296724631419130     
   1.2022640584072081E-004  0.42503697872744850     
   1.2589250165578650E-004  0.42704802892374089     
   1.3182563233362634E-004  0.42900217007047126     
   1.3803838283931404E-004  0.43090078905031731     
   1.4454393124904087E-004  0.43274546436656314     
   1.5135607670258101E-004  0.43453767199383075     
   1.5848926867311557E-004  0.43627889754214150     
   1.6595863761650125E-004  0.43797052428167776     
   1.7378002706499435E-004  0.43961394493620298     
   1.8197002723350532E-004  0.44121050481384672     
   1.9054601020966725E-004  0.44276151745518688     
   1.9952616680236131E-004  0.44426824277880078     
   2.0892954512685956E-004  0.44573254619733221     
   2.1877609100842929E-004  0.44715411796422116     
   2.2908669029010089E-004  0.44853515444374414     
   2.3988321313433910E-004  0.44987694371916886     
   2.5118856041258760E-004  0.45118032273363096     
   2.6302671228108570E-004  0.45244651039546874     
   2.7542277904599248E-004  0.45367642796532492     
   2.8840305442571026E-004  0.45487114809730494     
   3.0199507132338421E-004  0.45621779924631667     
   3.1622766022787870E-004  0.46103299632653744     
   3.3113101036710683E-004  0.46878747815962157     
   3.4673673374342739E-004  0.47838764423107910     
   3.6307793218693740E-004  0.48926882608342193     
   3.8018926756888834E-004  0.50107427120636572     
   3.9810703532415915E-004  0.51299326125735734     
   4.1686924143873657E-004  0.52457050162752716     
   4.3651568306550287E-004  0.53581578635107030     
   4.5708803293932962E-004  0.54673910455185493     
   4.7862992777053108E-004  0.55734823595973848     
   5.0118706080417338E-004  0.56765365927834477     
   5.2480727874156907E-004  0.57766355945380843     
   5.4954068322954103E-004  0.58738640014105714     
   5.7543973713272798E-004  0.59683050588585329     
   6.0255937581434873E-004  0.60600362929174711     
   6.3095712366146868E-004  0.61491394301593205     
   6.6069321610193036E-004  0.62356834119358229     
   6.9183072737176747E-004  0.63197471929571525     
   7.2443570430410901E-004  0.64014004639100663     
   7.5857730642336170E-004  0.64807108387705070     
   7.9432795264182691E-004  0.65577478815878376     
   8.3176347486991597E-004  0.66325742618350159     
   8.7096327886579232E-004  0.67052553449656394     
   9.1201051266562284E-004  0.67758502526400122     
   9.5499224295170248E-004  0.68444208139260010     
   9.9999963973255285E-004  0.69110245429953931     
   1.0471281697267240E-003  0.69757173275584294     
   1.0964777988604966E-003  0.70385545728172405     
   1.1481532043090032E-003  0.70995891318734639     
   1.2022639965305409E-003  0.71588722633840507     
   1.2589249517650405E-003  0.72164542832760881     
   1.3182562554898472E-003  0.72723844829306816     
   1.3803837573492211E-003  0.73267097544414495     
   1.4454392380982928E-003  0.73794762459270491     
   1.5135606891277017E-003  0.74307287144372514     
   1.5848926051618226E-003  0.74805101264704399     
   1.6595862907514355E-003  0.75288628438645522     
   1.7378001812109487E-003  0.75758277393501838     
   1.8197001786809284E-003  0.76214447104193184     
   1.9054600040287648E-003  0.76657523294364105     
   1.9952615653339076E-003  0.77087881135380998     
   2.0892953437392733E-003  0.77505883828877087     
   2.1877607974872702E-003  0.77911885838963191     
   2.2908667849974519E-003  0.78306230457608894     
   2.3988320078832106E-003  0.78689252102913687     
   2.5118854748471969E-003  0.79061275154701116     
   2.6302669874394618E-003  0.79422614272475323     
   2.7542276487086720E-003  0.79773575431523025     
   2.8840303958253192E-003  0.80114455799083661     
   3.0199505578066845E-003  0.80445544018373849     
   3.1622764395265734E-003  0.80767120452872732     
   3.3113099332485792E-003  0.81079457216098882     
   3.4673671589800208E-003  0.81382819166077736     
   3.6307791350048313E-003  0.81677463084188673     
   3.8018924800176860E-003  0.81963638520687188     
   3.9810701483486951E-003  0.82241588279964717     
   4.1686921998381641E-003  0.82511547060541512     
   4.3651566059944354E-003  0.82773743866024740     
   4.5708800941447756E-003  0.83028400816754588     
   4.7862990313698693E-003  0.83275733659725137     
   5.0118703500968611E-003  0.83515951945924671     
   5.2480725173142508E-003  0.83749259178167168     
   5.4954065494644821E-003  0.83975853105424780     
   5.7543970751669409E-003  0.84195925786865511     
   6.0255934480255430E-003  0.84409663748861352     
   6.3095709118813331E-003  0.84617248114022858     
   6.6069318209817391E-003  0.84818854847125025     
   6.9183069176546336E-003  0.85014654862312766     
   7.2443566701973156E-003  0.85204814167848941     
   7.5857726738182574E-003  0.85389494006717226     
   7.9432791176032008E-003  0.85568850993199197     
   8.3176343206172315E-003  0.85743037245541398     
   8.7096323404011154E-003  0.85912200514824955     
   9.1201046572737289E-003  0.86076484310146983     
   9.5499219380132099E-003  0.86236028020220323     
   9.9999958826578524E-003  0.86390967031494703     
   1.0471281158344026E-002  0.86541432842899668     
   1.0964777424283083E-002  0.86687553177306587     
   1.1481531452172476E-002  0.86829452089805159     
   1.2022639346538768E-002  0.86967250072885760     
   1.2589248869722193E-002  0.87101064158617647     
   1.3182561876434346E-002  0.87231008017909795     
   1.3803836863053056E-002  0.87357192056939137     
   1.4454391637061807E-002  0.87479723510828300     
   1.5135606112295974E-002  0.87598706534652859     
   1.5848925235924939E-002  0.87714242291856015     
   1.6595862053378627E-002  0.87826429040145759     
   1.7378000917719585E-002  0.87935362214948964     
   1.8197000850268083E-002  0.88041134510493047     
   1.9054599059608626E-002  0.88143835958585415     
   1.9952614626442076E-002  0.88243554005157920     
   2.0892952362099568E-002  0.88340373584642973     
   2.1877606848902529E-002  0.88434377192244373     
   2.2908666670939010E-002  0.88525644954166671     
   2.3988318844230368E-002  0.88614254695862504     
   2.5118853455685243E-002  0.88700282008358444     
   2.6302668520680732E-002  0.88783800312716277     
   2.7542275069574268E-002  0.88864880922686262     
   2.8840302473935438E-002  0.88943593105607577     
   3.0199504023795350E-002  0.89020004141609121     
   3.1622762767743680E-002  0.89094179381163008     
   3.3113097628260993E-002  0.89166182301042363     
   3.4673669805257767E-002  0.89236074558732470     
   3.6307789481402980E-002  0.89303916045344856     
   3.8018922843464989E-002  0.89369764937081420     
   3.9810699434558096E-002  0.89433677745296014     
   4.1686919852889748E-002  0.89495709365198450     
   4.3651563813338547E-002  0.89555913123246578     
   4.5708798588962679E-002  0.89614340823270222     
   4.7862987850344409E-002  0.89671042791370115     
   5.0118700921520015E-002  0.89726067919634733     
   5.2480722472128247E-002  0.89779463708716922     
   5.4954062666335686E-002  0.89831276309311281     
   5.7543967790066167E-002  0.89881550562573842     
   6.0255931379076130E-002  0.89930330039523643     
   6.3095705871479960E-002  0.89977657079466478     
   6.6069314809441920E-002  0.90023572827480536     
   6.9183065615916112E-002  0.90068117271002646     
   7.2443562973535602E-002  0.90111329275554741     
   7.5857722834029168E-002  0.90153246619648786     
   7.9432787087881526E-002  0.90193906028909432     
   8.3176338925353241E-002  0.90233343209452344     
   8.7096318921443303E-002  0.90271592880557017     
   9.1201041878912523E-002  0.90308688806672710     
   9.5499214465094198E-002  0.90344663828795591     
   9.9999953679902026E-002  0.90379549895255895     
  0.10471280619420838       0.90413378091953356     
  0.10964776859961228       0.90446178672079447     
  0.11481530861254953       0.90477981085364922     
  0.12022638727772161       0.90508814006890737     
  0.12589248221794014       0.90538705365500260     
  0.13182561197970252       0.90567682371850544     
  0.13803836152613935       0.90595771546139536     
  0.14454390893140726       0.90622998745544892     
  0.15135605333314972       0.90649389191409757     
  0.15848924420231694       0.90674967496207937     
  0.16595861199242945       0.90699757690319804     
  0.17378000023329729       0.90723783248646839     
  0.18196999913726933       0.90747067117088598     
  0.19054598078929649       0.90769631738902401     
  0.19952613599545124       0.90791499080959182     
  0.20892951286806458       0.90812690659902073     
  0.21877605722932417       0.90833227568205788     
  0.22908665491903563       0.90853130500124102     
  0.23988317609628693       0.90872419777499402     
  0.25118852162898586       0.90891115375394271     
  0.26302667166966914       0.90909236947485539     
  0.27542273652061888       0.90926803851141280     
  0.28840300989617756       0.90943835172076226     
  0.30199502469523937       0.90960349748452096     
  0.31622761140221717       0.90976366194258473     
  0.33113095924036279       0.90991902921771883     
  0.34673668020715420       0.91006978162850227     
  0.36307787612757741       0.91021609988776087     
  0.38018920886753216       0.91035816328311614     
  0.39810697385629340       0.91049614983577720     
  0.41686917707397958       0.91063023643315499     
  0.43651561566732844       0.91076059893032979     
  0.45708796236477717       0.91088741221488068     
  0.47862985386990248       0.91101085022908868     
  0.50118698342071555       0.91113108594311787     
  0.52480719771114126       0.91124829127247853     
  0.54954059838026692       0.91136263693296748     
  0.57543964828463090       0.91147429222636378     
  0.60255928277896997       0.91158342475057352     
  0.63095702624146766       0.91169020002866530     
  0.66069311409066622       0.91182279395400123     
  0.69183062055286071       0.91210914215110461     
  0.72443559245098244       0.91254588852379881     
  0.75857718929875972       0.91311451069653193     
  0.79432782999731266       0.91380005724228086     
  0.83176334644534400       0.91459037797970122     
  0.87096314438875688       0.91547552668927989     
  0.91201037185088007       0.91644734743806355     
  0.95499209550056552       0.91749897378389134     
  0.99999948533225791       0.91862487610305721     
   1.0000000000000000        1.0000000000000000     
