 time[Gyr], N_in(<t), N_out(<t)
   5.0000000000000000        174.27237269372478        79.477461527468890     
   4.8999999985098839        174.27236993913169        79.477460532015073     
   4.7999999970197678        171.96494111329184        79.469965605260001     
   4.6999999955296516        151.44327440914773        78.850636080493160     
   4.5999999940395355        135.50725692571282        77.454623012025351     
   4.4999999925494194        122.63788732916254        75.591997209499880     
   4.3999999910593033        111.94183084597432        73.465989996374788     
   4.2999999895691872        102.85412252205531        71.199480910316552     
   4.1999999880790710        94.997298478130048        68.867047804353604     
   4.0999999865889549        88.108079001267299        66.514518516568572     
   3.9999999850988388        81.996349790959485        64.170295911422940     
   3.8999999836087227        76.520854334368053        61.851988018751300     
   3.7999999821186066        71.574096863508501        59.570379847231834     
   3.6999999806284904        67.072592045215657        57.331870278678657     
   3.5999999791383743        62.950356034705379        55.140004558857612     
   3.4999999776482582        59.154436306965650        52.996454571746241     
   3.3999999761581421        55.641765165048248        50.901660327912388     
   3.2999999746680260        52.376896699146563        48.855253229841651     
   3.1999999731779099        49.330347847373488        46.856338846796149     
   3.0999999716877937        46.477361504234331        44.903691161204534     
   2.9999999701976776        43.796970191291635        42.995882274464506     
   2.8999999687075615        41.271277483683882        41.131370853664052     
   2.7999999672174454        38.884899672092487        39.308564131018080     
   2.6999999657273293        36.624527001089483        37.525859751790975     
   2.5999999642372131        34.478575302307142        35.781673565323167     
   2.4999999627470970        32.436906764734132        34.074456602539620     
   2.3999999612569809        30.490604161881549        32.402709115815568     
   2.2999999597668648        28.631786822977570        30.764987721778638     
   2.1999999582767487        26.853459506292818        29.159907437725685     
   2.0999999567866325        25.149387425789357        27.586145329675624     
   1.9999999552965164        23.513992234173738        26.042440599635565     
   1.8999999538064003        21.942264922806970        24.527592138891379     
   1.7999999523162842        20.429692472514031        23.040457993985115     
   1.6999999508261681        18.972195754716498        21.579953919908828     
   1.5999999493360519        17.566076693592336        20.145049382411564     
   1.4999999478459358        16.207973095331337        18.734766118560984     
   1.3999999463558197        14.894819859382348        17.348175025416484     
   1.2999999448657036        13.623815529180630        15.984393864222827     
   1.1999999433755875        12.392393331616386        14.642584988246128     
   1.0999999418854713        11.198196007328235        13.321951800600399     
  0.99999994039535522        10.039053856284086        12.021737218937659     
  0.89999993890523911        8.9129655215635335        10.741221366583598     
  0.79999993741512299        7.8180811142256195        9.4797194773743758     
  0.69999993592500687        6.7526873469680782        8.2365790690352672     
  0.59999993443489075        5.7151943976011390        7.0111789928725399     
  0.49999993294477463        4.7041242668760264        5.8029270363620800     
  0.39999993145465851        3.7181004314222785        4.6112588294127184     
  0.29999992996454239        2.7558386225353613        3.4356349458830135     
  0.19999992847442627        1.8161385858333992        2.2755412334592124     
   9.9999926984310150E-002  0.89787669863396780        1.1304859919017425     
