 time[Gyr], N_in(<t), N_out(<t)
   13.000000000000000        192.54518429832623        130.65056247724041     
   12.899999998509884        192.54518035445565        130.65056057263729     
   12.799999997019768        190.23747488035286        130.64306599478257     
   12.699999995529652        169.71333082393178        130.02373778098212     
   12.599999994039536        153.77539722958059        128.62772169586412     
   12.499999992549419        140.90449010067519        126.76509534718974     
   12.399999991059303        130.20715477323134        124.63908469725769     
   12.299999989569187        121.11834596016335        122.37256145185498     
   12.199999988079071        113.26060293563351        120.04013834164712     
   12.099999986588955        106.37055787435332        117.68760445355629     
   11.999999985098839        100.25810133932836        115.34338131813348     
   11.899999983608723        94.781952673781177        113.02507294307861     
   11.799999982118607        89.834601546296383        110.74346210674557     
   11.699999980628490        85.332556349828209        108.50495183827961     
   11.599999979138374        81.209821432151429        106.31308290236817     
   11.499999977648258        77.413444163856184        104.16953204022337     
   11.399999976158142        73.900346003706773        102.07473547132980     
   11.299999974668026        70.635079887015934        100.02832701695772     
   11.199999973177910        67.588160453901423        98.029412182325203     
   11.099999971687794        64.734824990590383        96.076763481142365     
   10.999999970197678        62.054102010570851        94.168952389938838     
   10.899999968707561        59.528096868842688        92.304439747223341     
   10.799999967217445        57.141422481194979        90.481631225952000     
   10.699999965727329        54.880768358661939        88.698927293595773     
   10.599999964237213        52.734547624023506        86.954740687355098     
   10.499999962747097        50.692623035743331        85.247521750690311     
   10.399999961256981        48.746073384981983        83.575772613505762     
   10.299999959766865        46.887016705889714        81.938048978845529     
   10.199999958276749        45.108464864448742        80.332970431568583     
   10.099999956786633        43.404173701428931        78.759206292427208     
   9.9999999552965164        41.768568491803514        77.215501994351257     
   9.8999999538064003        40.196635124861380        75.700651786751450     
   9.7999999523162842        38.683864091652595        74.213515776075212     
   9.6999999508261681        37.226554796931204        72.753272475760426     
   9.5999999493360519        35.819870915144989        71.318105994513701     
   9.4999999478459358        34.461586611480008        69.907822157537609     
   9.3999999463558197        33.148258102856786        68.521230598480287     
   9.2999999448657036        31.877083056406452        67.157449207086671     
   9.1999999433755875        30.645492995105027        65.815638664843021     
   9.0999999418854713        29.451131954528300        64.495004684362215     
   8.9999999403953552        28.291831010166099        63.194789553205545     
   8.8999999389052391        27.165586398845896        61.914272167416456     
   8.7999999374151230        26.070549925114076        60.652770682135852     
   8.6999999359250069        25.005006069479883        59.409629246865734     
   8.5999999344348907        23.967366073518829        58.184228392407292     
   8.4999999329447746        22.956152744051955        56.975975586397894     
   8.3999999314546585        21.969987036680244        55.784308562746631     
   8.2999999299645424        21.007586711052539        54.608683746334762     
   8.1999999284744263        20.067749840593574        53.448587451053761     
   8.0999999269843102        19.149352944517933        52.303531728029391     
   7.9999999254941940        18.251342177961220        51.173044001678868     
   7.8999999240040779        17.372729487186433        50.056675847753191     
   7.7999999225139618        16.512581364682102        48.953996044133653     
   7.6999999210238457        15.670021917620751        47.864592472291896     
   7.5999999195337296        14.844222775137160        46.788068985771645     
   7.4999999180436134        14.034400892566183        45.724046286553239     
   7.3999999165534973        13.239816351354555        44.672165697407593     
   7.2999999150633812        12.459765330915172        43.632072169305339     
   7.1999999135732651        11.693580709231554        42.603433437267341     
   7.0999999120831490        10.940626594121438        41.585927021787036     
   6.9999999105930328        10.200297359528149        40.579241500676275     
   6.8999999091029167        9.4720156666456816        39.583080000872826     
   6.7999999076128006        8.7552271221652003        38.597154667928024     
   6.6999999061226845        8.0494015104453158        37.621188323522802     
   6.5999999046325684        7.3540301303737143        36.654914951197917     
   6.4999999031424522        6.6686212427717724        35.698077455314092     
   6.3999999016523361        5.9927020547725869        34.750426708098239     
   6.2999999001622200        5.3258144810525287        33.811723570794214     
   6.1999998986721039        4.6675144004697504        32.881737605708651     
   6.0999998971819878        4.0173700600482718        31.960244676464754     
   5.9999998956918716        3.3749601659569572        31.047028135716229     
   5.8999998942017555        2.7398724925236091        30.141879944051663     
   5.7999998927116394        2.1117021457748040        29.244598834781286     
   5.6999998912215233        1.4900502085896818        28.354989051419206     
   5.5999998897314072       0.87452173029984714        27.472861686013847     
   5.4999998882412910       0.26472425941509919        26.598035267131564     
   5.3999998867511749        0.0000000000000000        25.779609505254555     
   5.2999998852610588        0.0000000000000000        25.051567852320691     
   5.1999998837709427        0.0000000000000000        24.357233564557671     
   5.0999998822808266        0.0000000000000000        23.686926438031236     
   4.9999998807907104        0.0000000000000000        23.036063134839562     
   4.8999998793005943        0.0000000000000000        22.401830368483367     
   4.7999998778104782        0.0000000000000000        21.782276393432465     
   4.6999998763203621        0.0000000000000000        21.175943146066313     
   4.5999998748302460        0.0000000000000000        20.581686318298186     
   4.4999998733401299        0.0000000000000000        19.998578056891027     
   4.3999998718500137        0.0000000000000000        19.425842400711606     
   4.2999998703598976        0.0000000000000000        18.862821747371669     
   4.1999998688697815        0.0000000000000000        18.308945741125768     
   4.0999998673796654        0.0000000000000000        17.763713202850823     
   3.9999998658895493        0.0000000000000000        17.226682683331997     
   3.8999998643994331        0.0000000000000000        16.697457184653217     
   3.7999998629093170        0.0000000000000000        16.175679938313746     
   3.6999998614192009        0.0000000000000000        15.661024612521503     
   3.5999998599290848        0.0000000000000000        15.153196963586980     
   3.4999998584389687        0.0000000000000000        14.651924876222383     
   3.3999998569488525        0.0000000000000000        14.156956808338380     
   3.2999998554587364        0.0000000000000000        13.668061475110370     
   3.1999998539686203        0.0000000000000000        13.185022616437177     
   3.0999998524785042        0.0000000000000000        12.707639676748926     
   2.9999998509883881        0.0000000000000000        12.235724071545219     
   2.8999998494982719        0.0000000000000000        11.769099998429462     
   2.7999998480081558        0.0000000000000000        11.307601151593218     
   2.6999998465180397        0.0000000000000000        10.851072221152290     
   2.5999998450279236        0.0000000000000000        10.399365097207648     
   2.4999998435378075        0.0000000000000000        9.9523407380402151     
   2.3999998420476913        0.0000000000000000        9.5098672556020851     
   2.2999998405575752        0.0000000000000000        9.0718184227357579     
   2.1999998390674591        0.0000000000000000        8.6380768477711332     
   2.0999998375773430        0.0000000000000000        8.2085278950293148     
   1.9999998360872269        0.0000000000000000        7.7830640779502041     
   1.8999998345971107        0.0000000000000000        7.3615818536969257     
   1.7999998331069946        0.0000000000000000        6.9439830824479403     
   1.6999998316168785        0.0000000000000000        6.5301732174717948     
   1.5999998301267624        0.0000000000000000        6.1200625305515404     
   1.4999998286366463        0.0000000000000000        5.7135642754389222     
   1.3999998271465302        0.0000000000000000        5.3105953240839678     
   1.2999998256564140        0.0000000000000000        4.9110761725162480     
   1.1999998241662979        0.0000000000000000        4.5149305835364499     
   1.0999998226761818        0.0000000000000000        4.1220846356757086     
  0.99999982118606567        0.0000000000000000        3.7324675907063796     
  0.89999981969594955        0.0000000000000000        3.3460110884904872     
  0.79999981820583344        0.0000000000000000        2.9626496629699850     
  0.69999981671571732        0.0000000000000000        2.5823195585531011     
  0.59999981522560120        0.0000000000000000        2.2049598074788652     
  0.49999981373548508        0.0000000000000000        1.8305111564924834     
  0.39999981224536896        0.0000000000000000        1.4589163683495103     
  0.29999981075525284        0.0000000000000000        1.0901203899907688     
  0.19999980926513672        0.0000000000000000       0.72406979979050368     
   9.9999807775020599E-002   0.0000000000000000       0.36071276614087527     
